Trait ExternalTrait jf_p p_cor p_cor_se nonp_cor nonp_cor_se
ADHD Age_at_smoking_initiation 0.9108835665243925 -0.6327 0.0284 -0.6189 0.0362
ADHD CUD 0.028720390487707907 0.5914 0.044 0.4658 0.0508
ADHD Childhood_IQ 0.6508595693123641 -0.4097 0.0685 -0.4414 0.0821
ADHD EA4 0.5896455449208629 -0.5438 0.0169 -0.5596 0.0227
ADHD Menopause 0.659692133970365 -0.1676 0.0381 -0.1457 0.0499
ADHD Metabolic_Syndrome 0.7799203922405515 0.3276 0.0221 0.3362 0.0282
ADHD Risk_beh_composite 0.03279345179730862 0.3891 0.0247 0.3098 0.0339
ADHD Smoking_cessation 0.14963252981172678 0.4035 0.0273 0.3259 0.0363
ADHD Speeding_propensity 0.002168279747148452 -0.0643 0.0312 0.0836 0.0402
ADHD Tiredness 1.9290951570149076e-07 0.5148 0.0393 0.2249 0.0496
ADHD Waist_to_hip_ratio 0.4059340408798594 0.3064 0.0214 0.28 0.0279
ADHD backpain 0.003129728176962942 0.5091 0.0296 0.3631 0.0392
ADHD birth_weight 0.5423271889836556 -0.1176 0.0314 -0.1509 0.0448
ADHD chronotype 0.10640372418904907 0.008 0.0251 0.0703 0.0339
ADHD cigday 0.3944839569484879 0.4116 0.0338 0.3576 0.0434
ADHD drinkweek 0.1761476552208755 0.1438 0.0248 0.0813 0.035
ADHD environmentalstress 1.4535697838166498e-11 0.1767 0.0264 -0.1025 0.0326
ADHD ever_smoker 0.0012290098903027483 0.5871 0.0184 0.494 0.0282
ADHD executivefunctioning 0.0004577985401986337 -0.2303 0.0249 -0.0851 0.0328
ADHD externalizing 0.0007565870095339127 0.6495 0.0196 0.5248 0.0286
ADHD household_income 0.05552527872672082 -0.514 0.0263 -0.4156 0.0357
ADHD insomnia 0.001297267819874399 0.3981 0.0328 0.2379 0.0397
ADHD intelligence2 0.3484323451227309 -0.3869 0.0221 -0.3474 0.0299
ADHD internalizing 0.030539474579235518 0.5633 0.0989 0.2731 0.1162
ADHD lonelines 9.559138770582802e-10 0.4274 0.0269 0.154 0.0369
ADHD longevity 0.12485344446385896 -0.383 0.0338 -0.3159 0.0459
ADHD neighbourhood_deprivation 0.018902864029018383 0.653 0.0576 0.4605 0.0653
ADHD neurodegenerative 0.68033341385521 -0.0043 0.0401 -0.0265 0.0514
ADHD no_sexual_partners 0.0007135964391172526 0.4234 0.0234 0.2991 0.0347
ADHD noncog 0.5266203654348853 -0.3713 0.0245 -0.3395 0.0309
ADHD risk_tolerance 0.1383392895847584 0.351 0.028 0.2786 0.0404
ADHD selfrated_health 0.00018308026013407722 0.6178 0.0339 0.4146 0.046
ADHD sleepduration 0.8811654630122274 -0.1059 0.0299 -0.1004 0.0404
ADHD subjective_wellbeing 1.6370031666877465e-07 -0.3247 0.0401 0.0042 0.0515
ALCH Age_at_smoking_initiation 0.20721089713081908 -0.1396 0.0471 -0.0349 0.0568
ALCH CUD 0.0333593007470248 0.3598 0.0618 0.1566 0.0788
ALCH Childhood_IQ 0.5588004726758228 -0.0712 0.0866 0.0028 0.1069
ALCH EA4 0.18947424865360962 0.0426 0.0301 0.123 0.041
ALCH Menopause 0.3572079179601091 -0.1109 0.0613 -0.0328 0.0826
ALCH Metabolic_Syndrome 0.23152437596885278 0.0346 0.0345 -0.0372 0.0456
ALCH Risk_beh_composite 0.06667653571058356 0.6143 0.035 0.5049 0.0482
ALCH Smoking_cessation 0.02395563376858593 0.2842 0.0457 0.1453 0.0604
ALCH Speeding_propensity 0.045392780128575956 0.1497 0.0374 0.2775 0.0532
ALCH Tiredness 9.7961019267745e-05 0.3295 0.0643 -0.0371 0.0841
ALCH Waist_to_hip_ratio 0.05031276924380795 0.1193 0.0322 0.0206 0.042
ALCH backpain 0.005953661493822805 0.0858 0.0419 -0.1034 0.06
ALCH birth_weight 0.4899223597779674 3.7149e-05 0.0454 0.051 0.062
ALCH chronotype 0.8795957067525307 -0.0878 0.0381 -0.0938 0.0451
ALCH cigday 0.007084182463737985 0.1315 0.0452 -0.0301 0.0533
ALCH drinkweek 0.7270434918379174 0.7995 0.0401 0.7793 0.0522
ALCH environmentalstress 6.228074557410748e-05 0.2851 0.039 0.0436 0.0576
ALCH ever_smoker 0.010999304821385109 0.4094 0.0343 0.2777 0.0464
ALCH executivefunctioning 0.001634599203912114 -0.0424 0.0331 0.1405 0.048
ALCH externalizing 0.00034200497225270524 0.4533 0.0357 0.2538 0.0422
ALCH household_income 0.003292591137454469 -0.0237 0.0403 0.1601 0.0537
ALCH insomnia 0.003090954150773904 0.1674 0.0428 -0.0147 0.0567
ALCH intelligence2 0.02556089201353898 0.0446 0.0358 0.1827 0.0457
ALCH internalizing 0.050144130038528675 0.2272 0.1091 -0.1149 0.139
ALCH lonelines 2.0644559409952776e-05 0.2391 0.0452 -0.0517 0.0638
ALCH longevity 0.09973565951890724 -0.2606 0.0482 -0.1308 0.0671
ALCH neighbourhood_deprivation 0.027946485831694134 0.2812 0.0808 0.0108 0.095
ALCH neurodegenerative 0.810460966761211 0.0013 0.068 0.0398 0.0825
ALCH no_sexual_partners 0.0030082976442292967 0.4093 0.0331 0.2299 0.0475
ALCH noncog 0.0015808204204812591 0.0342 0.0347 0.1902 0.0429
ALCH risk_tolerance 0.058255310042262955 0.3261 0.0406 0.1968 0.0536
ALCH selfrated_health 0.0009463292742911807 0.256 0.0559 -0.0236 0.0703
ALCH sleepduration 0.7616743740127829 -0.0151 0.0429 0.0118 0.0561
ALCH subjective_wellbeing 0.0003874672864827036 -0.3229 0.0653 0.042 0.0836
ANX Age_at_smoking_initiation 2.8099608803181957e-07 -0.2344 0.0439 0.1722 0.0651
ANX CUD 9.007627729702267e-09 0.3877 0.0639 -0.2374 0.0946
ANX Childhood_IQ 0.25198387921160315 -0.2797 0.0874 -0.1163 0.1288
ANX EA4 0.33196553745439517 -0.2176 0.0279 -0.1554 0.0437
ANX Menopause 0.2951260404772946 -0.0954 0.0561 -0.0135 0.0734
ANX Metabolic_Syndrome 0.12762153317041952 0.1339 0.0337 0.0421 0.0469
ANX Risk_beh_composite 1.8859046292995465e-07 0.135 0.0354 -0.2572 0.0637
ANX Smoking_cessation 2.758742543073804e-05 0.2037 0.0399 -0.084 0.0608
ANX Speeding_propensity 0.08725683719180626 -0.2692 0.0382 -0.1372 0.0666
ANX Tiredness 1.9631432497372445e-11 0.6812 0.0547 0.0343 0.0806
ANX Waist_to_hip_ratio 0.02737980335643744 0.1842 0.0299 0.0584 0.0449
ANX backpain 2.392230802757322e-06 0.4819 0.0418 0.1061 0.0636
ANX birth_weight 0.1507456695539999 -0.0502 0.0466 0.0749 0.0718
ANX chronotype 0.15894845373693534 -0.0783 0.0327 0.0162 0.0591
ANX cigday 4.754178826011162e-06 0.1907 0.0402 -0.1165 0.0608
ANX drinkweek 0.00011513026559723666 0.0651 0.0355 -0.1867 0.0569
ANX environmentalstress 2.7555908724021833e-09 0.6123 0.0386 0.2032 0.0567
ANX ever_smoker 6.570254992553351e-14 0.3288 0.032 -0.1251 0.051
ANX executivefunctioning 2.823145409008504e-08 -0.2285 0.0324 0.1363 0.0562
ANX externalizing 2.5051382557983777e-18 0.3194 0.0359 -0.2345 0.0543
ANX household_income 1.0611809977436463e-05 -0.3487 0.0427 -0.014 0.0639
ANX insomnia 1.358194616944871e-09 0.364 0.0448 -0.0628 0.0586
ANX intelligence2 0.00014358808446903568 -0.1737 0.029 0.0508 0.0527
ANX internalizing 0.00044106057658631673 0.9154 0.129 0.1699 0.161
ANX lonelines 2.2617792024786153e-13 0.5729 0.0388 0.0741 0.0567
ANX longevity 0.003350668552467149 -0.2265 0.0505 0.0308 0.0774
ANX neighbourhood_deprivation 1.914612757839718e-06 0.4127 0.0741 -0.1785 0.1072
ANX neurodegenerative 0.7335114021498848 0.0247 0.0647 -0.0099 0.089
ANX no_sexual_partners 1.0985200973309813e-11 0.1933 0.0357 -0.2973 0.0617
ANX noncog 0.00023186863832720913 -0.1573 0.0315 0.0682 0.0562
ANX risk_tolerance 1.1470957988867154e-09 0.07 0.041 -0.3943 0.066
ANX selfrated_health 5.8007095003993885e-11 0.5822 0.0489 -0.0018 0.078
ANX sleepduration 0.2648060847510443 -0.121 0.0382 -0.2052 0.0624
ANX subjective_wellbeing 8.596557940931196e-10 -0.7014 0.0586 -0.1005 0.0842
AN Age_at_smoking_initiation 0.2149185180306834 0.1943 0.0395 0.2785 0.0472
AN CUD 0.17780471518945695 0.0171 0.0508 -0.0785 0.0578
AN Childhood_IQ 0.47598721541528 0.1496 0.0768 0.2112 0.086
AN EA4 0.07649454647549793 0.2455 0.0261 0.307 0.0306
AN Menopause 0.7941261345706253 0.0369 0.047 0.0668 0.0553
AN Metabolic_Syndrome 0.18099846055463564 -0.3431 0.0273 -0.3957 0.0304
AN Risk_beh_composite 0.09924761340850455 -0.0322 0.0328 -0.1148 0.0383
AN Smoking_cessation 0.1522829240268746 -0.1062 0.0339 -0.196 0.0397
AN Speeding_propensity 0.2719477453006911 -0.1365 0.0325 -0.0937 0.0381
AN Tiredness 0.002743217836143118 0.1101 0.0538 -0.1034 0.0589
AN Waist_to_hip_ratio 0.031761030082065454 -0.2515 0.0241 -0.3159 0.0285
AN backpain 0.02549609143547075 -0.1039 0.0382 -0.2103 0.0431
AN birth_weight 0.7270519038057941 0.0244 0.0418 0.0386 0.0474
AN chronotype 0.7963512024082191 0.0017 0.0284 0.017 0.0329
AN cigday 0.20298204654102026 -0.1121 0.0394 -0.203 0.0484
AN drinkweek 0.2230321411224736 0.0159 0.0304 -0.0502 0.0328
AN environmentalstress 0.004387001835923006 0.2685 0.0317 0.1513 0.0351
AN ever_smoker 0.0019310790953397088 -0.0331 0.0268 -0.1513 0.0322
AN executivefunctioning 0.10321676178028574 -0.1334 0.0349 -0.0571 0.0394
AN externalizing 0.001411125644923018 0.001 0.0301 -0.1249 0.0346
AN household_income 0.14257182241318483 0.1539 0.0366 0.2339 0.0412
AN insomnia 0.021180672125726222 0.0846 0.037 -0.0229 0.0395
AN intelligence2 0.35857304676479573 0.0911 0.0301 0.1395 0.034
AN internalizing 0.06944699832754338 0.0366 0.0888 -0.1708 0.0972
AN lonelines 0.02158660766717711 0.1193 0.0376 -0.0101 0.0435
AN longevity 0.2080594958232055 0.1301 0.0422 0.2127 0.0511
AN neighbourhood_deprivation 0.1312495695930499 -0.0684 0.0587 -0.2034 0.0711
AN neurodegenerative 0.9887657889630295 0.0969 0.0622 0.0875 0.0679
AN no_sexual_partners 0.04474160938026226 0.0471 0.0336 -0.0493 0.0399
AN noncog 0.28108199591638316 0.0818 0.0299 0.1411 0.0368
AN risk_tolerance 0.20810376144293108 -0.0037 0.0306 -0.0754 0.0369
AN selfrated_health 0.0006348775807667681 -0.083 0.0424 -0.2761 0.0482
AN sleepduration 0.8633312166606715 -0.1192 0.0332 -0.1308 0.0386
AN subjective_wellbeing 0.04528277719440688 -0.2282 0.0526 -0.0541 0.0595
ASD Age_at_smoking_initiation 0.2921509512696069 -0.0629 0.0464 0.0163 0.0544
ASD CUD 0.0 -0.1297 0.0672 -0.1297 0.0672
ASD Childhood_IQ 0.3909695031579825 0.2334 0.0739 0.3231 0.088
ASD EA4 0.020685598340173514 0.2093 0.0266 0.3013 0.0316
ASD Menopause 0.5858519606782291 -0.0149 0.0559 0.0277 0.0673
ASD Metabolic_Syndrome 0.5876201461289456 0.0513 0.0293 0.0249 0.0335
ASD Risk_beh_composite 0.0832487594398315 0.0405 0.0437 -0.0668 0.0528
ASD Smoking_cessation 0.0 -0.1942 0.0504 -0.1942 0.0504
ASD Speeding_propensity 0.2566224088052519 -0.0849 0.0441 0.0075 0.0576
ASD Tiredness 0.003392268419588028 0.3347 0.0567 0.0793 0.0642
ASD Waist_to_hip_ratio 0.4413737706817238 0.0368 0.0274 -0.0002 0.0322
ASD backpain 0.0 -0.1486 0.0491 -0.1486 0.0491
ASD birth_weight 0.6321586071038086 -0.0081 0.0442 0.0119 0.0558
ASD chronotype 0.9177772279015248 -0.1856 0.0362 -0.1741 0.0461
ASD cigday 0.162426594726774 0.1734 0.0363 0.0949 0.0436
ASD drinkweek 0.3296009567061793 -0.0037 0.0396 -0.057 0.0457
ASD environmentalstress 0.0021360472333490825 0.1864 0.0394 -0.002 0.0442
ASD ever_smoker 0.0 -0.0864 0.0401 -0.0864 0.0401
ASD executivefunctioning 0.018554460763885314 0.0243 0.0353 0.1554 0.0403
ASD externalizing 0.001385833676205587 0.1026 0.0411 -0.0814 0.0494
ASD household_income 0.04670329262914625 -0.0728 0.0437 0.0566 0.0489
ASD insomnia 0.0 -0.1023 0.0468 -0.1023 0.0468
ASD intelligence2 0.022546651873552977 0.2215 0.0312 0.3224 0.0345
ASD internalizing 0.21928801925765662 0.5046 0.1209 0.3005 0.1241
ASD lonelines 0.0013163884655686081 0.2622 0.0411 0.0502 0.0475
ASD longevity 0.15040044294565333 0.0206 0.0503 0.127 0.0638
ASD neighbourhood_deprivation 0.13969473380525935 0.2199 0.0747 0.0601 0.08
ASD neurodegenerative 0.9616822758993481 -0.0811 0.0633 -0.0681 0.073
ASD no_sexual_partners 0.022265866250854548 0.1668 0.0471 0.0135 0.0581
ASD noncog 0.017943462672446495 0.2039 0.0327 0.3113 0.0381
ASD risk_tolerance 0.07778233848521683 0.0163 0.0473 -0.1074 0.0583
ASD selfrated_health 0.005714745909208921 0.0817 0.0644 -0.1635 0.0672
ASD sleepduration 0.8158498281034332 -0.017 0.0475 0.0048 0.0619
ASD subjective_wellbeing 0.011903361936540253 -0.4905 0.0562 -0.2844 0.0666
BIP Age_at_smoking_initiation 0.0012426328309428848 -0.0831 0.0255 0.0614 0.0382
BIP CUD 0.0012744407440373122 0.2228 0.0383 0.013 0.0524
BIP Childhood_IQ 0.12721217368894802 0.0254 0.0549 0.1628 0.0784
BIP EA4 6.31056715501817e-07 0.1266 0.018 0.2819 0.0266
BIP Menopause 0.051843890682776485 -0.0076 0.0362 0.1022 0.0515
BIP Metabolic_Syndrome 0.04004351819155278 -0.035 0.0199 -0.1142 0.028
BIP Risk_beh_composite 0.022943633317051206 0.2255 0.0271 0.1238 0.0368
BIP Smoking_cessation 0.0006031209978584151 0.0792 0.0273 -0.083 0.0418
BIP Speeding_propensity 0.0012937431399659945 -0.0118 0.0267 0.1372 0.0402
BIP Tiredness 2.4020957467560608e-11 0.2203 0.0423 -0.2022 0.0491
BIP Waist_to_hip_ratio 0.004016117720365649 0.0186 0.0185 -0.0724 0.0257
BIP backpain 1.2751323553199457e-07 0.0818 0.0273 -0.1546 0.0391
BIP birth_weight 0.9606838457742132 0.0103 0.0304 0.024 0.0392
BIP chronotype 0.14422783165083125 -0.0208 0.0227 0.0363 0.0334
BIP cigday 1.2757209653178526e-05 0.1183 0.0232 -0.0559 0.0353
BIP drinkweek 0.4019157119549498 0.1506 0.0267 0.1126 0.0364
BIP environmentalstress 2.296699493939468e-10 0.1628 0.0271 -0.135 0.0363
BIP ever_smoker 1.4238613314187512e-08 0.1484 0.0213 -0.0661 0.0335
BIP executivefunctioning 0.0029962066879619846 -0.2672 0.0229 -0.1543 0.0327
BIP externalizing 1.1827399921187748e-07 0.2519 0.0246 0.0326 0.0363
BIP household_income 1.4521680862718634e-09 0.0059 0.0265 0.2636 0.0391
BIP insomnia 5.419909952199516e-09 0.1161 0.028 -0.1376 0.0401
BIP intelligence2 0.03378031169364482 -0.0742 0.0216 0.0172 0.0314
BIP internalizing 0.0001209714739291709 0.19 0.0786 -0.3095 0.1034
BIP lonelines 3.074623151012562e-16 0.1136 0.0289 -0.259 0.0369
BIP longevity 0.04170257893177536 -0.0927 0.0323 0.0276 0.0474
BIP neighbourhood_deprivation 0.0001534378225122037 0.1589 0.0432 -0.1051 0.0597
BIP neurodegenerative 0.9636804359377222 -0.0251 0.0393 -0.0202 0.0604
BIP no_sexual_partners 0.0004418974365708565 0.2722 0.0267 0.1276 0.0377
BIP noncog 0.01653238583779197 -0.0972 0.0207 -0.0114 0.0315
BIP risk_tolerance 0.17032801001863374 0.3037 0.0253 0.2396 0.0413
BIP selfrated_health 5.550091155743182e-08 0.2104 0.0312 -0.1001 0.0537
BIP sleepduration 0.10252291628226257 0.12 0.025 0.1865 0.0341
BIP subjective_wellbeing 9.38653558550619e-13 -0.2449 0.0397 0.1768 0.0496
MDD Age_at_smoking_initiation 1.5485053100901324e-13 -0.2647 0.0261 0.0982 0.0373
MDD CUD 1.755420859798596e-28 0.3285 0.0332 -0.329 0.0501
MDD Childhood_IQ 0.03770817084494685 -0.1584 0.056 0.0234 0.0795
MDD EA4 0.0027312971389476986 -0.1746 0.0188 -0.0677 0.0268
MDD Menopause 0.1802873151732437 -0.1081 0.0323 -0.0113 0.0521
MDD Metabolic_Syndrome 0.5134214448628003 0.1485 0.0197 0.1065 0.0301
MDD Risk_beh_composite 5.639412309225011e-25 0.1868 0.0242 -0.2344 0.0342
MDD Smoking_cessation 5.270888840779383e-08 0.2222 0.0283 -0.0708 0.0461
MDD Speeding_propensity 6.483379790121876e-05 -0.1667 0.027 0.0453 0.0423
MDD Tiredness 2.524417916395529e-29 0.6746 0.0333 0.0096 0.0514
MDD Waist_to_hip_ratio 0.0017986473949429885 0.1602 0.0178 0.0518 0.0277
MDD backpain 9.193134773561781e-17 0.4471 0.0248 0.0975 0.0347
MDD birth_weight 0.27193824190734694 -0.0279 0.025 0.0377 0.0411
MDD chronotype 0.02919391104177224 -0.0628 0.0218 0.0361 0.0368
MDD cigday 7.69024698913083e-15 0.2083 0.0276 -0.0975 0.0367
MDD drinkweek 1.5238081093484526e-10 0.076 0.0218 -0.184 0.0334
MDD environmentalstress 3.084199998981675e-35 0.5285 0.0206 0.0269 0.0368
MDD ever_smoker 1.7795301786715648e-41 0.3235 0.0187 -0.162 0.0284
MDD executivefunctioning 2.744308254350004e-38 -0.1758 0.0212 0.3093 0.0301
MDD externalizing 1.8113493340383473e-51 0.3325 0.0237 -0.2577 0.0313
MDD household_income 2.4581434985902536e-13 -0.2988 0.0253 0.0555 0.0407
MDD insomnia 1.439376972387591e-13 0.4439 0.0252 0.0891 0.0384
MDD intelligence2 1.30103686607756e-13 -0.1025 0.0192 0.1821 0.0318
MDD internalizing 5.342253258617147e-07 0.7049 0.0943 0.0129 0.1034
MDD lonelines 3.764762359030766e-29 0.5847 0.0211 0.0581 0.0404
MDD longevity 2.7198678486868878e-08 -0.1915 0.0331 0.1229 0.0463
MDD neighbourhood_deprivation 3.102210539039332e-14 0.4159 0.0459 -0.1488 0.0589
MDD neurodegenerative 0.4240138487981262 0.0061 0.04 -0.0355 0.0598
MDD no_sexual_partners 1.8939884702578445e-38 0.2431 0.0247 -0.2854 0.035
MDD noncog 2.4614779905766894e-16 -0.0855 0.0204 0.2218 0.0291
MDD risk_tolerance 4.2313427063249378e-19 0.1401 0.0282 -0.2903 0.0387
MDD selfrated_health 5.156369698124878e-19 0.5421 0.0334 -0.0433 0.0592
MDD sleepduration 0.24878344301400335 -0.1056 0.0246 -0.1678 0.037
MDD subjective_wellbeing 2.548239234895638e-30 -0.6365 0.0359 0.0352 0.0465
OCD Age_at_smoking_initiation 0.34732654075413705 0.3146 0.0606 0.4085 0.081
OCD CUD 0.22860383586085442 -0.0535 0.0719 -0.2084 0.1013
OCD Childhood_IQ 0.8602254023680923 0.3715 0.1213 0.4191 0.1372
OCD EA4 0.316475200072899 0.2559 0.0442 0.3219 0.0583
OCD Menopause 0.6502075049977828 0.1545 0.0761 0.2105 0.0916
OCD Metabolic_Syndrome 0.758160913008951 -0.2983 0.047 -0.3325 0.0616
OCD Risk_beh_composite 0.4780258635023271 -0.0845 0.0552 -0.1552 0.0695
OCD Smoking_cessation 0.21024753947052344 -0.0996 0.0572 -0.22 0.0749
OCD Speeding_propensity 0.6964809904000968 -0.2197 0.0586 -0.1719 0.0749
OCD Tiredness 0.16352156344845203 0.0412 0.0811 -0.1354 0.1044
OCD Waist_to_hip_ratio 0.3989450946584989 -0.1973 0.042 -0.2516 0.0559
OCD backpain 0.2803877493751815 -0.0776 0.0628 -0.1699 0.0726
OCD birth_weight 0.7588949385860604 0.0407 0.067 0.0637 0.0835
OCD chronotype 0.8955633633941537 -0.0215 0.0418 -0.0124 0.0533
OCD cigday 0.19681694199514232 -0.1599 0.0543 -0.2776 0.0785
OCD drinkweek 0.7747631073050819 0.0775 0.0546 0.0486 0.0709
OCD environmentalstress 0.023734657545901205 0.3154 0.0521 0.1592 0.0596
OCD ever_smoker 0.19455895044303217 -0.2106 0.0459 -0.3177 0.0588
OCD executivefunctioning 0.31087849519269684 -0.1439 0.05 -0.0711 0.0613
OCD externalizing 0.06884907076823824 -0.1723 0.0516 -0.3141 0.0646
OCD household_income 0.4515809478093432 0.036 0.0588 0.1146 0.0687
OCD insomnia 0.2494970665059204 -0.0632 0.0619 -0.1807 0.0786
OCD intelligence2 0.2783608419234703 0.0751 0.0436 0.1591 0.0561
OCD internalizing 0.31464718072756404 0.0287 0.1597 -0.2194 0.1835
OCD lonelines 0.013847073490793633 -0.0393 0.0561 -0.2593 0.074
OCD longevity 0.4262397452493881 0.139 0.0605 0.227 0.0816
OCD neighbourhood_deprivation 0.4121795727065195 -0.0654 0.0982 -0.1957 0.1301
OCD neurodegenerative 0.9963772868150427 -0.0562 0.0837 -0.052 0.1116
OCD no_sexual_partners 0.14983572365406245 -0.0205 0.05 -0.1283 0.0659
OCD noncog 0.4288610600974061 0.0524 0.0461 0.1073 0.0545
OCD risk_tolerance 0.4221005298925097 -0.1035 0.0616 -0.1887 0.0791
OCD selfrated_health 0.11644653093609442 -0.0954 0.0667 -0.2787 0.0911
OCD sleepduration 0.23228772797050334 0.0344 0.0492 0.1197 0.062
OCD subjective_wellbeing 0.1349046291791243 -0.1961 0.0857 -0.0168 0.0914
PTSD Age_at_smoking_initiation 0.03470965673529837 -0.3533 0.0641 -0.1174 0.1061
PTSD CUD 0.04308486030888294 0.4457 0.0855 0.1396 0.1458
PTSD Childhood_IQ 0.6830006954709625 -0.1878 0.1208 -0.1077 0.1881
PTSD EA4 0.5951408640172318 -0.2594 0.0451 -0.221 0.085
PTSD Menopause 0.6653868619092909 -0.2098 0.0724 -0.16 0.1265
PTSD Metabolic_Syndrome 0.537390530088863 0.3423 0.0478 0.4291 0.1086
PTSD Risk_beh_composite 0.05494940188124637 0.214 0.053 0.0348 0.0828
PTSD Smoking_cessation 0.5251044275633897 0.4114 0.0614 0.3419 0.1241
PTSD Speeding_propensity 0.13402922297369035 -0.2377 0.0623 -0.0698 0.0992
PTSD Tiredness 0.0023372258461086515 0.7194 0.096 0.1547 0.1567
PTSD Waist_to_hip_ratio 0.9218204396908539 0.3122 0.0422 0.3298 0.0933
PTSD backpain 0.17145965366609683 0.487 0.0708 0.3047 0.1243
PTSD birth_weight 0.7695375452801432 -0.1198 0.058 -0.0935 0.1168
PTSD chronotype 0.2055401094680568 0.0293 0.0469 0.1752 0.0928
PTSD cigday 0.614272778876898 0.3463 0.0617 0.2977 0.115
PTSD drinkweek 0.032661851983708814 -0.0576 0.0524 -0.2964 0.106
PTSD environmentalstress 0.0012245612973898067 0.4419 0.0591 0.1141 0.0893
PTSD ever_smoker 0.004784391130171196 0.3969 0.0518 0.1346 0.0843
PTSD executivefunctioning 0.00303693701000301 -0.2358 0.0535 0.1069 0.0947
PTSD externalizing 0.005755171860628281 0.4789 0.0547 0.2394 0.0844
PTSD household_income 0.25999348760102403 -0.4397 0.0627 -0.2931 0.1089
PTSD insomnia 0.32881306998937776 0.4737 0.0653 0.3601 0.12
PTSD intelligence2 0.07180800976094873 -0.1799 0.0493 0.0103 0.0834
PTSD internalizing 0.37993092083834545 0.7713 0.1637 0.5665 0.2868
PTSD lonelines 0.35629669034483435 0.7682 0.0754 0.6351 0.162
PTSD longevity 0.8567395295676177 -0.4914 0.0724 -0.4856 0.145
PTSD neighbourhood_deprivation 0.18023089269316606 0.5873 0.1048 0.3601 0.186
PTSD neurodegenerative 0.490705539249362 -0.22 0.0919 -0.3761 0.1792
PTSD no_sexual_partners 0.038377854546024465 0.372 0.0511 0.1804 0.086
PTSD noncog 0.025309994425678477 -0.1442 0.051 0.0667 0.0818
PTSD risk_tolerance 0.20782968207555752 0.3526 0.0542 0.2233 0.1012
PTSD selfrated_health 0.048576672145365894 0.687 0.0786 0.4028 0.141
PTSD sleepduration 0.5283746368384801 -0.2302 0.0611 -0.3288 0.1125
PTSD subjective_wellbeing 0.027214956531300294 -0.7126 0.1016 -0.3053 0.171
SCZ Age_at_smoking_initiation 0.0016998153977055544 -0.063 0.0271 0.0694 0.0309
SCZ CUD 0.017462180163639585 0.3456 0.037 0.1909 0.0487
SCZ Childhood_IQ 0.5399729220463871 -0.0226 0.0531 0.0211 0.0651
SCZ EA4 0.003822584349861882 0.0236 0.0177 0.107 0.0235
SCZ Menopause 0.2795371512608422 -0.0247 0.033 0.0246 0.0443
SCZ Metabolic_Syndrome 0.008712969717976369 -0.0959 0.018 -0.1801 0.0249
SCZ Risk_beh_composite 8.402304701828359e-05 0.1588 0.0222 0.0316 0.0279
SCZ Smoking_cessation 0.001336879596655002 0.1309 0.0241 0.0126 0.0351
SCZ Speeding_propensity 0.4017586224280817 -0.2104 0.0234 -0.1615 0.0325
SCZ Tiredness 9.406752988911313e-07 0.2711 0.0377 -0.0058 0.0492
SCZ Waist_to_hip_ratio 1.4423160880635093e-05 -0.0351 0.0178 -0.1377 0.0252
SCZ backpain 4.3934177562843535e-08 0.0479 0.0271 -0.1559 0.0301
SCZ birth_weight 0.43682810388141724 -0.0374 0.0284 -0.0085 0.0397
SCZ chronotype 0.6956659451527516 -0.0964 0.0201 -0.0834 0.0292
SCZ cigday 0.04930324478460506 0.1057 0.0261 0.0002 0.0392
SCZ drinkweek 0.037034867982083386 0.0924 0.0218 0.0361 0.0248
SCZ environmentalstress 7.403412463055866e-08 0.1955 0.025 -0.0179 0.0333
SCZ ever_smoker 5.896098673236498e-10 0.1696 0.0194 -0.01 0.023
SCZ executivefunctioning 0.07617377245797885 -0.3449 0.0192 -0.2829 0.0267
SCZ externalizing 3.2107403067522043e-09 0.2233 0.022 0.0304 0.0255
SCZ household_income 0.007843983439297066 -0.1905 0.0244 -0.0779 0.0341
SCZ insomnia 4.273445795320478e-05 0.0456 0.025 -0.1236 0.0325
SCZ intelligence2 0.10405778190316418 -0.2208 0.0206 -0.1722 0.0283
SCZ internalizing 0.0008392378127650709 0.2178 0.0654 -0.0869 0.0844
SCZ lonelines 5.771105393715539e-09 0.1911 0.0248 -0.0371 0.0346
SCZ longevity 0.03920978797359262 -0.0953 0.0299 0.001 0.0405
SCZ neighbourhood_deprivation 0.0016544677915831748 0.228 0.0407 0.0333 0.0487
SCZ neurodegenerative 0.8441288935354816 0.0826 0.033 0.1101 0.0487
SCZ no_sexual_partners 7.512860194561742e-05 0.2612 0.0226 0.113 0.0289
SCZ noncog 0.13010132729837592 -0.2388 0.0199 -0.2099 0.0282
SCZ risk_tolerance 0.00981225017667618 0.2156 0.0227 0.1145 0.0318
SCZ selfrated_health 2.0565382196200113e-08 0.203 0.0278 -0.0408 0.0408
SCZ sleepduration 0.026174854523288864 0.1654 0.0213 0.2369 0.0297
SCZ subjective_wellbeing 1.253722487118673e-06 -0.316 0.0364 -0.0522 0.0434
TS Age_at_smoking_initiation 0.3110869538747937 -0.0878 0.0501 -0.005 0.06
TS CUD 0.35441150525493326 0.054 0.0659 -0.0352 0.0763
TS Childhood_IQ 0.36584947683608027 -0.0329 0.0956 0.0898 0.1041
TS EA4 0.1836515206202307 -0.1406 0.0326 -0.0799 0.0395
TS Menopause 0.8364658848989036 -0.0538 0.0688 -0.0815 0.085
TS Metabolic_Syndrome 0.7647617863536238 -0.0049 0.0348 -0.0245 0.0414
TS Risk_beh_composite 0.5452225877695509 -0.0359 0.0418 -0.0909 0.0502
TS Smoking_cessation 0.6278052182292786 -0.0276 0.0424 -0.0643 0.049
TS Speeding_propensity 0.3188489737721527 -0.1281 0.0441 -0.0717 0.0534
TS Tiredness 0.167761119916235 0.1257 0.067 -0.0232 0.076
TS Waist_to_hip_ratio 0.6130645537617441 0.024 0.0344 -0.0004 0.0478
TS backpain 0.07041846004577104 0.2416 0.0493 0.1157 0.0559
TS birth_weight 0.7568979104702767 -0.0004 0.054 0.0177 0.0656
TS chronotype 0.9369299951691941 0.0164 0.0391 0.0241 0.0488
TS cigday 0.5382434873177033 0.0824 0.0406 0.0298 0.0516
TS drinkweek 0.48575482265581815 -0.0304 0.0434 -0.0853 0.0576
TS environmentalstress 0.15289316971152994 0.1759 0.042 0.0841 0.0532
TS ever_smoker 0.09243413616338765 0.047 0.034 -0.0327 0.0418
TS executivefunctioning 0.257996565617044 -0.0573 0.0402 0.0253 0.0493
TS externalizing 0.15621350242416243 0.0218 0.0388 -0.0661 0.0448
TS household_income 0.15447089105455353 -0.1306 0.0455 -0.0368 0.0588
TS insomnia 0.35470855079873553 0.144 0.0516 0.0798 0.061
TS intelligence2 0.35570391788216127 -0.0605 0.0386 0.0014 0.0478
TS internalizing 0.5549317441110382 0.3124 0.1325 0.2055 0.1448
TS lonelines 0.016546079266407547 0.0376 0.0489 -0.1207 0.0559
TS longevity 0.40219145144895785 0.0074 0.053 0.0725 0.0691
TS neighbourhood_deprivation 0.579801000981315 0.2631 0.0786 0.1935 0.1044
TS neurodegenerative 0.7317678476739038 -0.1158 0.0744 -0.1541 0.0809
TS no_sexual_partners 0.20692388893029878 -0.0324 0.0392 -0.1004 0.0483
TS noncog 0.29143029879610816 -0.0509 0.0392 0.0102 0.0488
TS risk_tolerance 0.9063678352892978 -0.0386 0.045 -0.0422 0.0544
TS selfrated_health 0.08842848932092948 0.1385 0.0562 -0.0022 0.0652
TS sleepduration 0.8094072623871951 -0.0796 0.0408 -0.0962 0.0499
TS subjective_wellbeing 0.05778190263254488 0.0891 0.0599 0.2578 0.0774
